0.324363,1.019425,-13.31167,-0.008689,0.004560,0.000427,-465.6908,430.8046,-430.8110,6690352
0.346817,0.925073,-13.29626,-0.000424,-0.011244,-0.000674,180.7770,311.4250,312.9530,6711761
0.342262,0.980425,-13.31056,0.003244,0.006745,-0.011141,180.1919,310.8483,312.3809,6732997
0.305203,1.032813,-13.28953,0.010572,-0.000551,-0.009289,180.1919,311.4250,312.9530,6754376
0.233761,1.108951,-13.38141,0.006388,0.012598,-0.000450,180.1919,312.0017,312.9530,6775789
0.267922,1.052309,-13.27345,0.009457,0.013637,0.006167,180.1919,311.4250,312.9530,6797202
0.345853,0.980099,-13.30556,0.011274,0.001618,0.011884,180.1919,310.8483,312.3809,6818455
0.358259,0.950933,-13.36008,0.010162,0.001327,0.007240,180.1919,310.8483,312.9530,6839834
0.364898,0.958660,-13.29424,0.022884,0.007906,0.002016,180.1919,311.4250,312.9530,6861074
0.310810,0.969542,-13.38272,0.023851,-0.005928,-0.001805,179.6069,310.2716,312.9530,6882483
0.296989,1.045504,-13.45498,0.001938,-0.008491,-0.002240,179.0219,311.4250,312.9530,6903714
0.321367,1.047028,-13.38566,0.006582,0.007471,-0.010948,179.6069,310.2716,311.8088,6925072
0.247255,1.074779,-13.41449,0.003728,-0.009459,0.001145,178.4368,311.4250,311.8088,6946286
0.278297,1.042504,-13.45815,-0.006151,0.002691,0.008447,179.0219,312.0017,311.8088,6967659
0.325937,0.988805,-13.31046,0.003776,0.004230,0.006756,179.0219,312.0017,312.3809,6988994
0.293232,1.021868,-13.35976,-0.003364,-0.018136,0.009359,178.4368,312.0017,312.3809,7010321
0.303954,0.981731,-13.42755,-0.018862,-0.017973,0.001629,179.0219,311.4250,312.3809,7031513
0.315350,0.989717,-13.35394,-0.003516,-0.002021,0.005710,179.0219,312.0017,312.9530,7052882
0.473725,0.885528,-13.21110,-0.007542,-0.009459,-0.011576,179.6069,311.4250,312.3809,7074225
0.292963,1.000667,-13.39121,-0.012766,-0.062863,-0.027443,179.0219,310.8483,312.3809,7095569
0.228428,1.011224,-13.48861,-0.026940,-0.051883,-0.016365,180.1919,311.4250,311.2367,7116954
0.195018,1.073146,-13.41373,-0.025005,-0.019956,0.002064,179.6069,310.8483,311.8088,7138340
0.320061,1.011006,-13.26616,-0.018281,-0.003412,-0.001224,180.1919,311.4250,310.6645,7159567
0.342044,0.991526,-13.23460,-0.002028,-0.033307,-0.003788,180.1919,311.4250,310.6645,7180933
0.377848,0.991090,-13.24723,-0.009816,-0.084583,-0.013028,179.6069,312.0017,309.5203,7202351
0.422405,1.011721,-13.25225,-0.012992,-0.127700,-0.019272,179.6069,312.0017,310.0924,7223768
0.401393,1.035753,-13.25024,-0.024868,-0.235248,-0.050866,180.1919,312.5785,307.8039,7245311
0.142019,1.282857,-13.02740,-0.163063,-0.609969,-0.089845,181.9470,314.3086,303.2269,7266704
0.090637,1.488281,-12.70831,-0.700681,-1.668995,-0.231154,184.2872,314.8853,295.7892,7288084
-0.024703,1.440221,-13.16844,-1.044044,-2.395294,-0.373556,194.8179,318.3456,276.3369,7309496
-0.482032,1.563756,-13.28052,-1.098497,-2.624410,-0.469336,200.0832,319.4990,264.8944,7330908
-1.264867,1.911510,-13.36579,-1.014269,-2.686100,-0.535780,210.6139,322.3826,239.7209,7352143
-1.860865,1.920036,-13.44755,-0.725817,-2.479626,-0.515655,219.3895,321.8059,215.6916,7373504
-2.323246,2.058143,-13.14297,-0.517739,-2.286889,-0.519499,221.7297,321.8059,204.2491,7394730
-2.819499,1.823402,-12.48326,-0.333435,-2.374881,-0.698385,226.4100,321.2292,181.3640,7415939
-3.183853,1.936800,-11.83073,-0.206841,-2.497701,-0.788021,228.7501,320.0757,156.1905,7437147
-3.740722,1.688783,-11.67598,-0.055722,-2.643451,-0.928982,229.3352,319.4990,142.4594,7458355
-4.571215,1.826662,-11.53834,0.022481,-2.631505,-0.863908,229.9202,317.1922,114.9974,7479547
-4.815284,1.503559,-10.66595,0.191079,-2.473031,-0.857051,228.7501,316.6154,102.9827,7500744
-5.367458,1.200635,-10.13135,0.561787,-2.517988,-1.011126,225.2399,312.5785,77.80917,7522084
-5.977560,1.394731,-10.54820,0.521084,-2.456923,-0.957039,218.2194,309.1182,52.06348,7543466
-6.473595,1.248576,-10.64778,0.427626,-2.175872,-0.809596,216.4643,306.8113,40.62096,7564849
-6.681782,0.710316,-9.962055,0.381913,-2.038926,-0.693935,212.3690,302.7744,21.16867,7586075
-7.120465,0.513882,-9.790109,0.376495,-2.084204,-0.716283,208.2738,297.5839,0.000000,7607435
-7.887589,0.693012,-10.18385,0.511312,-1.694506,-0.465031,205.9336,294.7003,-6.865515,7628874
-7.861361,0.402443,-10.04988,0.480643,-1.502511,-0.365865,201.8384,291.8168,-22.31292,7650287
-8.141483,0.329746,-10.28527,0.353518,-1.326141,-0.246672,198.3281,287.2031,-34.32757,7671532
-8.231265,0.216131,-10.52578,0.174584,-0.983317,-0.217213,196.5730,284.8962,-38.90458,7692921
-8.686490,0.474922,-10.58292,0.111069,-0.353202,-0.164244,194.8179,283.1661,-44.62584,7714172
-9.193963,0.627166,-10.07651,-0.020594,0.156040,-0.111150,194.2328,283.7428,-44.05372,7735593
-9.239116,0.530533,-9.391691,-0.050788,0.357793,-0.090716,195.4029,285.4730,-42.90947,7756846
-9.201488,0.587035,-9.461658,0.139241,0.671325,0.002568,194.2328,287.2031,-38.90458,7778096
-8.933093,0.578743,-10.02909,0.502073,1.436428,0.109599,192.4777,290.6634,-34.89970,7799336
-8.472426,0.672770,-10.20104,0.765177,2.220226,0.198267,187.2124,301.0442,-17.73591,7820749
-7.894010,0.344765,-10.77532,0.823274,2.736227,0.342324,181.9470,314.3086,4.577010,7841989
-7.237345,-0.023833,-11.67565,0.992001,3.497966,0.439990,179.0219,320.6524,19.45229,7863347
-6.622688,-0.060181,-11.72212,1.216116,4.371981,0.519275,170.8313,334.4936,56.64050,7884561
-6.284126,0.223096,-11.43547,1.324135,4.699374,0.737923,159.1305,347.1812,102.9827,7905779
-5.447949,0.023828,-11.82701,1.305322,4.589883,0.982563,153.8652,350.6415,126.4399,7927119
-3.603382,-0.838405,-12.16167,1.233676,4.507185,0.961119,140.9943,354.6785,172.7821,7948321
-2.441174,-0.805933,-12.05184,0.934568,4.110225,0.688889,135.7290,353.5251,195.0950,7969680
-1.687803,-0.861150,-11.62788,0.375044,3.376645,0.557006,128.1235,350.0648,232.8554,7990881
-1.112216,-1.044416,-11.20508,0.078465,2.484733,0.419335,124.6133,344.8744,259.7453,8012226
-1.032227,-0.649481,-11.64311,0.032123,1.601479,0.405500,123.4432,342.5675,270.0436,8033612
-0.523894,-0.577873,-12.21500,0.086302,1.200123,0.445457,121.6881,338.5305,282.0582,8054989
-0.087932,-0.728163,-12.50872,0.138352,1.006483,0.321814,119.3479,335.6470,294.0729,8076217
-0.402334,-0.484390,-13.43125,0.129838,0.820196,0.299272,118.1778,335.0703,298.0778,8097578
-0.058657,-0.649916,-13.93034,0.031253,0.783142,0.360609,115.2526,332.1867,306.6596,8118814
0.166614,-0.819469,-13.79963,-0.198957,0.545385,0.265507,116.4227,330.4566,313.5252,8140232
0.348138,-0.912952,-13.82401,-0.380261,0.284990,0.150958,116.4227,330.4566,315.2415,8161482
0.402552,-0.967039,-13.85742,-0.422539,0.248565,0.110663,120.5180,327.5730,317.5301,8182865
0.549360,-1.002191,-13.49916,-0.342868,0.226313,0.023106,122.2731,326.9963,320.9628,8204283
0.348641,-0.760216,-13.25122,-0.219502,0.136175,-0.025303,124.6133,325.8429,320.9628,8225699
0.236046,-0.560460,-13.41547,-0.090745,0.064116,-0.045777,125.1983,325.2661,321.5349,8247241
0.114268,-0.355974,-13.66687,-0.053304,0.057779,-0.033393,125.7833,324.6894,322.1071,8268617
0.173522,-0.370531,-13.48483,-0.084042,0.002640,-0.030371,125.7833,324.6894,322.1071,8289987
0.127981,-0.409408,-13.45792,-0.079087,-0.078440,-0.015785,125.7833,325.2661,320.9628,8311381
0.179347,-0.381875,-13.37771,-0.024957,-0.118154,-0.028507,126.3684,324.6894,320.9628,8332599
-0.061487,-0.153011,-13.39686,0.093219,-0.142051,-0.076687,125.7833,325.2661,319.2464,8353808
-0.485805,0.014474,-13.49361,0.234518,-0.205469,0.005160,124.6133,325.2661,317.5301,8375018
-0.409408,-0.044619,-13.52789,0.484610,-0.189554,0.141090,122.2731,326.4196,317.5301,8396386
-0.188815,-0.280339,-13.23449,0.887272,-0.066395,0.238611,115.2526,326.9963,316.9579,8417578
0.116061,-0.821553,-13.00884,1.468958,0.124671,0.254535,102.3818,328.1497,319.2464,8438905
0.222878,-1.361212,-13.01978,2.060575,0.268301,0.336374,92.43612,329.3031,320.9628,8460280
0.634349,-1.897234,-12.82677,2.508802,0.163287,0.344436,69.61961,329.3031,323.8234,8481663
0.272394,-2.462545,-12.54921,2.854724,-0.001477,0.155505,57.33379,329.8799,323.8234,8502877
-0.048568,-2.735661,-12.52806,3.140492,-0.173614,0.073364,29.25194,329.3031,323.8234,8524100
-0.145828,-3.620251,-12.35778,3.350505,-0.175913,-0.148958,0.585038,328.1497,322.6792,8545323
0.024377,-4.689697,-11.42502,3.894515,-0.164787,-0.043358,-15.79605,325.8429,322.6792,8566723
-0.140278,-5.028912,-11.27092,4.276328,-0.223948,-0.287209,-53.23853,318.3456,322.1071,8587974
-0.423253,-5.665410,-11.06683,4.142522,-0.168850,-0.427831,-88.92589,307.9648,320.9628,8609352
-0.261880,-6.377925,-10.30476,3.968759,-0.213547,-0.543831,-105.3070,301.0442,322.1071,8630597
-0.578668,-6.909458,-9.125656,3.832510,-0.256671,-0.453974,-135.1440,287.7798,321.5349,8652019
-0.620315,-7.614758,-8.343793,3.939551,-0.257325,-0.165550,-165.5660,269.3250,321.5349,8673273
-0.159955,-8.249507,-8.289296,4.186620,0.009279,0.012907,-182.5321,258.3674,321.5349,8694651
0.486567,-8.455559,-8.806527,3.693426,0.007858,-0.035763,-211.7840,234.7222,322.1071,8715896
0.462651,-8.656407,-8.675561,2.642792,-0.187753,-0.082923,-222.3147,225.4948,321.5349,8737299
0.234740,-8.829598,-7.631627,1.706673,-0.322340,-0.053420,-235.7706,212.2304,320.9628,8758525
0.267715,-9.292985,-6.837296,1.409369,-0.310391,-0.227613,-243.3761,204.1564,319.8185,8779752
0.377086,-9.117990,-6.758505,1.427944,-0.060638,-0.425413,-247.4714,198.9660,320.9628,8801134
0.260097,-8.870953,-6.670355,1.281808,0.126809,-0.448293,-253.3218,189.7386,324.3956,8822357
0.554475,-9.075331,-6.481866,0.818001,0.071131,-0.434362,-256.2469,182.8180,327.8283,8843697
0.437268,-9.654727,-5.743363,0.440687,-0.053092,-0.515001,-255.6619,181.0879,328.9726,8864904
0.108651,-9.276848,-4.918602,0.460939,-0.091669,-0.544186,-255.6619,178.7810,333.5496,8886269
0.296772,-9.114073,-4.976892,0.483062,-0.151968,-0.491346,-255.0769,177.6276,335.2660,8907476
0.602312,-9.036402,-5.848579,0.402762,-0.060806,-0.375887,-256.8320,174.7440,336.4102,8928812
0.452286,-9.202114,-6.351382,0.068065,0.120278,-0.118627,-258.0021,173.0139,338.6987,8950022
0.507679,-9.596178,-5.791247,-0.204568,0.096769,-0.027346,-256.8320,173.5906,338.6987,8971408
0.539021,-9.591825,-5.397075,-0.224208,0.084869,-0.075333,-255.6619,175.8975,338.6987,8992636
0.303954,-9.440337,-5.497958,-0.132201,0.122939,-0.075671,-253.3218,176.4742,339.8430,9013738
0.371318,-9.572889,-6.119035,-0.287722,0.139966,0.046713,-253.3218,176.4742,340.4151,9035142
1.606292,-10.37473,-7.143101,-0.883782,0.078628,-0.022170,-249.8115,181.0879,340.4151,9056388
2.533864,-10.91266,-7.672961,-1.623917,0.385709,-0.409892,-239.8659,189.7386,343.8478,9077767
1.933427,-10.39105,-6.608650,-2.155525,0.856621,-0.763302,-231.0903,196.6591,348.4249,9099021
0.379424,-8.778512,-6.748001,-2.718492,0.775416,-0.613310,-211.7840,209.3468,357.0067,9120437
-0.149964,-6.689617,-7.770273,-3.998366,0.306420,0.238176,-201.8384,217.9975,359.2953,9141686
0.447498,-6.642169,-8.319089,-5.587391,-0.491357,0.949703,-170.8313,245.6797,353.5740,9162935
0.553278,-7.816089,-9.466891,-6.475095,-1.091722,1.190362,-129.2936,279.7058,340.4151,9184185
0.348791,-7.909572,-11.09756,-7.011462,-1.287103,1.316569,-102.9668,295.2771,332.9774,9205584
-0.018065,-7.771361,-10.84073,-6.421884,-0.982639,1.086843,-48.55821,317.1922,318.6743,9226816
0.261620,-6.138951,-9.534908,-5.247034,-0.720358,0.657672,-2.925194,328.7264,310.6645,9248159
0.483286,-4.852135,-9.965693,-3.785144,-0.540668,0.003937,16.38108,331.0333,306.6596,9269368
0.151270,-3.807216,-10.86119,-2.246274,0.262351,-0.412642,42.12279,332.1867,305.5154,9290576
-0.489443,-2.570119,-10.95325,-0.841006,0.809826,-0.459555,52.06845,329.3031,310.0924,9311902
-0.784536,-1.638396,-11.79188,-0.171045,0.706276,-0.364414,53.23853,328.7264,313.5252,9333094
-0.711077,-1.352268,-12.65404,-0.176173,0.203525,-0.225072,54.99364,327.5730,316.3858,9354462
-0.320823,-1.461878,-13.66730,-0.285932,-0.054833,-0.043019,54.99364,328.1497,315.2415,9375662
0.151270,-1.818179,-14.19522,-0.470381,-0.000897,-0.075188,59.67395,328.7264,315.8137,9397006
0.059528,-2.057272,-14.26977,-0.561468,0.267286,-0.126899,64.93930,328.1497,316.3858,9418225
-0.014800,-2.149122,-13.61158,-0.529106,0.407134,-0.014430,66.69441,327.5730,318.1022,9439285
0.254220,-2.125180,-13.15168,-0.734646,0.049943,-0.015446,71.95976,325.2661,320.9628,9460652
0.642516,-2.177091,-13.41199,-0.998137,-0.175332,-0.072430,81.32038,325.8429,318.1022,9481903
0.425255,-2.192633,-13.50558,-0.981787,-0.067800,-0.031030,85.41566,325.2661,318.1022,9503321
0.347812,-1.615107,-13.30208,-0.657925,0.144126,0.057452,91.85108,324.6894,318.6743,9524571
0.259444,-1.311696,-13.26192,-0.467720,0.287506,0.065240,94.19123,323.5360,319.8185,9545956
0.002720,-0.990981,-12.96950,-0.501001,0.092463,0.111679,97.11642,322.9593,320.9628,9567206
-0.014989,-0.914272,-12.97959,-0.612873,-0.258800,0.156378,101.7967,322.9593,319.2464,9588617
0.077298,-1.013887,-13.15226,-0.722016,-0.531698,0.181459,104.7219,322.3826,318.1022,9609859
0.231258,-1.099700,-13.21795,-0.512563,-0.407042,0.129625,109.4022,323.5360,313.5252,9631219
0.130592,-0.991743,-13.28205,-0.181639,-0.065572,0.039844,112.3274,323.5360,312.3809,9652613
-0.087932,-0.841344,-13.32961,0.004841,0.142917,0.037764,111.7424,323.5360,312.9530,9674008
-0.072805,-0.835032,-13.20685,-0.002511,0.055651,0.040134,111.7424,323.5360,314.6694,9695225
0.083797,-0.972843,-13.38131,-0.110039,-0.083358,0.004545,112.3274,322.3826,314.6694,9716568
0.023615,-1.082614,-13.30295,-0.126735,-0.130925,0.016528,112.9125,322.9593,313.5252,9737768
-0.094057,-0.969993,-13.33810,0.021822,-0.088628,0.041235,112.9125,323.5360,312.3809,9759127
-0.060725,-0.815008,-13.59254,0.082577,0.000795,0.057548,112.3274,322.9593,312.3809,9780323
0.034607,-0.813702,-13.54890,-0.038985,-0.057010,0.029105,111.7424,322.9593,312.9530,9801654
0.011535,-0.691597,-13.70648,-0.264696,-0.242910,0.043278,112.9125,323.5360,311.8088,9822860
-0.086844,-0.248997,-13.67220,-0.911161,-0.781550,0.031862,115.2526,324.1127,308.9482,9844084
-0.076832,-0.134184,-13.18933,-1.940552,-1.907882,-0.007368,128.7085,325.8429,296.9335,9865435
0.084341,-0.182068,-13.33255,-2.331363,-2.643935,-0.061304,148.0148,328.1497,274.6206,9886659
-0.468009,0.419213,-13.51379,-2.135148,-2.563648,-0.048412,157.9604,327.5730,263.7502,9908063
-1.131804,0.806301,-12.92140,-2.000777,-2.831334,-0.032861,175.5116,326.9963,239.1488,9929290
-1.190260,0.820641,-12.68665,-1.916121,-3.270392,-0.179716,192.4777,325.8429,209.9703,9950661
-1.894575,0.943859,-12.89006,-1.356393,-3.024200,-0.468997,200.0832,325.2661,194.5229,9972083
-3.356671,1.453280,-11.83900,-0.830619,-2.834140,-0.443117,208.8588,321.8059,168.2051,9993496
-4.057032,1.488851,-10.89054,-0.592789,-3.432508,-0.640473,214.7092,317.1922,136.7382,10014740
-4.969710,2.252835,-10.94183,-0.160983,-3.490570,-0.581756,215.8793,316.0387,119.5744,10036119
-5.078646,1.615216,-10.59554,0.227166,-2.881014,-0.617214,213.5391,311.4250,92.11232,10057373
-5.999978,1.659508,-10.31476,0.332862,-2.696178,-0.923709,212.3690,309.6949,77.80917,10078776
-7.218083,1.647755,-10.09700,0.347374,-2.598754,-0.737858,209.4439,304.5045,52.06348,10100026
-7.503755,1.177077,-10.28799,0.501347,-2.442168,-0.627421,204.1785,298.7373,29.17844,10121262
-7.470671,0.884004,-10.39573,0.585372,-2.103070,-0.640579,202.4234,296.4305,18.88017,10142485
-7.978050,0.831244,-10.13534,0.586213,-1.853915,-0.655169,195.9880,291.2401,0.572126,10163868
-8.237142,0.941900,-10.06000,0.600513,-1.486596,-0.485686,190.1376,287.7798,-13.15890,10185078
-8.597465,0.984244,-9.621157,0.382947,-1.262716,-0.208095,188.3825,285.4730,-17.73591,10206423
-8.298847,0.321693,-8.901751,0.242210,-1.301374,-0.131059,186.0423,280.8593,-28.60631,10227629
-8.180417,0.187089,-9.304666,0.194479,-1.184420,-0.285682,184.2872,277.9757,-34.32757,10248833
-8.668036,0.586465,-9.526415,0.123835,-0.655401,-0.227910,183.1171,274.5154,-42.33734,10270034
-9.046818,0.673641,-8.780517,0.022836,-0.334336,-0.063336,181.3620,272.7852,-45.77010,10291242
-9.096225,0.931779,-8.556877,-0.068154,-0.144857,0.055662,181.3620,271.6318,-46.34222,10312624
-8.837977,0.645455,-8.397445,-0.113867,0.002488,0.047632,183.1171,270.4784,-46.91435,10333860
-9.006531,0.559331,-8.851022,0.098395,0.554818,-0.028800,181.3620,272.2086,-43.48159,10354965
-9.533711,0.867613,-9.324389,0.236845,1.267238,0.031252,181.3620,275.6688,-40.62096,10376197
-9.545029,1.138552,-9.949976,0.193449,1.932935,0.347307,179.6069,282.5894,-25.74568,10397442
-8.811968,0.944512,-11.02497,0.080158,2.825670,0.756886,180.1919,294.1237,-2.288505,10418699
-8.263804,0.561984,-10.30747,-0.108353,3.581653,0.828963,183.7022,300.4675,11.44252,10439957
-7.754819,0.488199,-9.070651,0.006388,3.750331,0.856487,184.2872,310.8483,46.34222,10461379
-6.750234,0.151705,-8.684096,0.371367,3.524040,0.797810,184.2872,315.4620,62.36176,10482640
-5.908237,-0.161173,-9.560700,1.098375,3.577347,0.721235,179.0219,324.1127,96.11720,10504024
-4.672114,0.021091,-10.46688,1.682765,3.648961,0.590423,164.9809,333.9168,130.4448,10525268
-3.675317,0.852988,-12.00191,1.396840,3.295426,0.371251,156.7904,336.8004,147.0364,10546676
-3.212801,0.827196,-12.63409,0.701421,3.038901,0.280164,147.4298,340.2607,177.3591,10567912
-3.398626,0.918803,-12.39102,0.214496,2.590823,0.340940,143.3345,339.1073,203.1048,10589129
-2.713066,0.611500,-12.05807,-0.001060,2.156082,0.449375,143.3345,339.1073,213.9752,10610508
-2.057189,0.477244,-12.68676,-0.108873,1.783486,0.445993,142.7495,336.2237,233.4275,10631717
-1.118310,0.051040,-12.97374,-0.247572,1.641532,0.374347,143.9195,332.7634,250.0191,10653052
-1.277960,-0.180000,-13.29054,-0.099258,1.628616,0.130351,144.5046,331.0333,256.8847,10674415
-1.498008,0.508550,-13.44986,0.082529,1.585225,0.148104,143.9195,326.9963,272.3321,10695775
-0.864089,0.489614,-13.39447,-0.011315,1.411467,0.290274,143.3345,325.2661,279.1976,10716984
-0.291004,0.149637,-12.95361,-0.254441,0.920426,0.205523,143.3345,322.3826,291.7844,10738333
-0.333664,0.241923,-13.28575,-0.299525,0.499576,0.112743,145.0896,319.4990,296.3614,10759547
-0.209321,0.429588,-13.24792,-0.082319,0.451893,0.087706,145.6746,319.4990,299.7941,10780943
-0.325502,0.716736,-13.19325,0.089930,0.388558,0.071190,145.0896,317.7689,303.7990,10802171
-0.080034,0.437454,-13.04886,0.081064,0.165567,0.018937,144.5046,318.3456,305.5154,10823542
-0.537607,0.790957,-13.67405,0.091478,0.011486,-0.004949,143.9195,317.1922,305.5154,10844784
-0.259009,0.514753,-13.79158,0.030624,-0.020827,0.019188,143.9195,318.3456,306.0875,10866206
-0.288066,0.300254,-13.64390,0.114165,-0.012023,-0.005433,142.7495,318.9223,305.5154,10887464
-0.382092,0.650787,-14.07149,-0.034825,-0.029389,0.051937,142.7495,318.9223,306.0875,10908839
-0.274897,0.389601,-14.09760,-0.229916,-0.045352,0.009949,143.9195,318.9223,306.0875,10930088
-0.390983,0.446987,-13.90490,-0.208099,0.067082,0.038851,144.5046,317.7689,306.0875,10951497
-0.266082,0.373604,-13.61942,-0.155856,0.156220,0.004192,146.2597,317.7689,306.0875,10972749
-0.261512,0.397002,-13.10510,-0.068348,0.166040,-0.071028,146.8447,316.0387,307.8039,10994113
-0.417026,0.608997,-12.97962,-0.029213,0.039204,-0.050275,147.4298,316.6154,307.2318,11015508
-0.594332,0.800005,-13.21691,-0.080291,-0.070182,0.011538,146.8447,316.0387,307.2318,11036902
-0.495273,0.699868,-13.22187,-0.117060,-0.095661,0.073705,147.4298,316.0387,306.6596,11058126
-0.227791,0.381020,-13.16138,0.002109,-0.019505,0.005305,148.0148,315.4620,306.6596,11079474
-0.377522,0.512359,-13.28815,0.134530,0.078677,-0.080702,147.4298,314.8853,306.6596,11100848
-0.547945,0.723157,-13.40002,0.034687,0.026095,-0.030249,145.6746,316.0387,306.6596,11122222
-0.460230,0.662649,-13.52136,-0.092341,-0.052850,-0.005626,146.8447,315.4620,306.6596,11143425
-0.467631,0.605841,-13.44725,-0.114351,0.000795,0.009949,146.2597,314.8853,306.0875,11164761
-0.320170,0.513229,-13.06135,-0.046531,-0.000220,-0.015785,147.4298,314.3086,306.6596,11185971
-0.395696,0.573955,-13.04666,0.025544,-0.023923,-0.046744,147.4298,314.8853,306.0875,11207357
-0.562295,0.716208,-13.37675,0.025015,-0.045147,-0.041520,147.4298,315.4620,305.5154,11228571
-0.476663,0.727946,-13.59994,-0.057706,-0.020150,-0.021832,147.4298,315.4620,305.5154,11249789
-0.424229,0.607329,-13.37640,-0.087741,0.037354,-0.019576,148.0148,315.4620,305.5154,11271019
-0.405164,0.468066,-13.16735,-0.020361,0.045154,-0.021686,148.5998,314.8853,305.5154,11292255
-0.344982,0.557196,-13.08094,0.031591,0.025659,-0.031023,148.5998,314.8853,305.5154,11313631
-0.428018,0.683435,-13.19423,0.011903,-0.023439,-0.032764,148.5998,314.8853,304.9433,11334875
-0.473072,0.726531,-13.35899,-0.034341,-0.069249,-0.015833,147.4298,314.8853,304.9433,11356287
-0.441839,0.698453,-13.47674,-0.036518,-0.000752,-0.028410,147.4298,315.4620,304.3712,11377528
-0.451960,0.672661,-13.27291,-0.003721,0.051829,-0.039053,149.1849,314.3086,305.5154,11398907
-0.488526,0.662214,-13.23330,0.032897,0.028126,-0.023621,149.7699,314.8853,306.0875,11420156
-0.472528,0.666132,-13.38087,0.022545,-0.010862,-0.003837,148.0148,314.3086,305.5154,11441564
-0.457292,0.709989,-13.47446,-0.011992,-0.003848,-0.006013,148.0148,314.8853,304.9433,11462809
-0.358332,0.608925,-13.31723,-0.017300,0.010293,-0.025455,148.5998,314.8853,304.9433,11484178
-0.350641,0.539674,-13.24777,0.003051,0.014146,-0.033441,148.5998,314.8853,304.9433,11505405
-0.479068,0.600602,-13.23389,0.028866,0.002235,-0.009492,148.0148,315.4620,305.5154,11526791
-0.608671,0.754608,-13.36987,0.029076,-0.042063,0.029637,148.0148,314.8853,304.9433,11548140
-0.452939,0.691815,-13.40089,-0.016830,-0.078536,0.040618,148.5998,315.4620,304.3712,11569476
-0.358803,0.610630,-13.45117,0.011468,-0.014587,0.003370,147.4298,314.8853,304.3712,11590669
-0.479166,0.721634,-13.45422,-0.018668,0.027739,-0.030587,147.4298,315.4620,304.9433,11611865
-0.493749,0.696930,-13.31807,-0.043580,-0.011974,-0.033393,148.5998,314.8853,304.9433,11633062
-0.588320,0.709010,-13.26442,0.011903,-0.007766,0.001338,148.5998,314.8853,304.3712,11654272
-0.519541,0.710279,-13.25145,0.033731,-0.017934,0.033887,148.0148,314.8853,304.9433,11675650
-0.415394,0.597897,-13.44181,0.009339,-0.044481,0.024509,148.5998,314.8853,304.9433,11696877
-0.448627,0.564689,-13.46567,0.006974,-0.007038,0.016961,149.1849,315.4620,304.9433,11717977
-0.429759,0.533036,-13.35050,0.007549,0.026143,0.020736,148.0148,314.8853,305.5154,11739376
-0.304281,0.465128,-13.21088,-0.006430,0.006407,0.010529,146.8447,315.4620,304.9433,11760627
-0.344003,0.471766,-13.23058,0.006388,-0.018166,0.001870,148.0148,314.8853,304.9433,11782012
-0.440641,0.583967,-13.33200,0.029946,-0.023439,-0.009496,147.4298,314.8853,304.3712,11803263
-0.498102,0.672879,-13.42744,0.024190,-0.006653,-0.014189,148.0148,314.8853,304.3712,11824504
-0.449021,0.545007,-13.36019,-0.009332,-0.044772,-0.009980,147.4298,315.4620,304.9433,11845762
-0.489178,0.628042,-13.43778,0.025061,-0.015699,0.001725,147.4298,316.0387,304.3712,11867147
-0.506482,0.646108,-13.47544,-0.003237,-0.022278,-0.001128,146.8447,315.4620,304.9433,11888382
-0.516463,0.652819,-13.44629,-0.002401,-0.002325,0.007737,148.0148,316.6154,304.3712,11909783
-0.461319,0.569820,-13.40709,0.005615,0.003117,0.013335,148.0148,316.0387,304.9433,11931147
-0.495382,0.567534,-13.35790,0.006775,0.020048,0.015899,147.4298,316.0387,304.9433,11952504
-0.429759,0.487328,-13.31067,0.011226,0.014485,-0.001515,147.4298,316.0387,304.9433,11973715
-0.505176,0.633375,-13.34724,-0.006768,0.011534,0.016334,146.2597,314.8853,305.5154,11995095
